1 0.28620317063606115 0.36755213290646366 0.2075257267907401 0.478797324501591
2 0.24324154272389564 0.506744804046103 0.19980940321965196 0.48310928909651385
3 0.21345532606617304 0.5950433814046194 0.19140492384887745 0.5358396288144667
4 0.18789841167962373 0.6590473785018207 0.18282617238637444 0.5553826820657053
5 0.1677777730007924 0.7056167857652795 0.18800289469344594 0.5538767156272575
6 0.15081528156423873 0.7436883754108307 0.17705706823791298 0.5639203675344563
7 0.13779293552475275 0.7704456021179731 0.1699303190493695 0.605926400745899
8 0.12601070567785466 0.7909984949919561 0.17191118839257788 0.6170320976491862
9 0.11699864964114069 0.8086132090631529 0.1708751944041698 0.6309905020352782
10 0.10969737831399894 0.8233453992939179 0.16315709105823364 0.6339452759588401
11 0.10420540870348019 0.8328968445676219 0.17056649469848828 0.6374490954927002
12 0.09842075123938161 0.8446801643006779 0.16315553520118523 0.6368721768524335
13 0.09418143934882017 0.8529339429292134 0.17374347409703464 0.5899667668934958
14 0.08943275394290157 0.8594121121485931 0.16223712238509244 0.6575649574614855
15 0.08553046154622161 0.8672630682102941 0.1588316745533843 0.6578932145542894
16 0.08329723863422278 0.87025670864851 0.16445642002971372 0.6626025915076663
17 0.0789681455833995 0.8784566960605531 0.16033780077803078 0.6713806800574696
18 0.07754388985878707 0.8804461050018401 0.15808104689746538 0.6866811618442327
19 0.07500712138911088 0.8847256334525103 0.15752708024092923 0.679176175583918
20 0.07300466074003932 0.8885779494163666 0.15410897486503713 0.6915855253596862
21 0.07029441320856963 0.8929081448919023 0.15971283726916413 0.6785573844166057
22 0.0690098089571743 0.8954736698397726 0.15608752021896782 0.6950295562401132
23 0.06653314283714705 0.898915557319213 0.15365193862572452 0.7008217062813654
24 0.06443292122432207 0.9024385711719635 0.15304791174446034 0.6952833679656144
25 0.06367265810103136 0.9047884255993267 0.1641052088517452 0.7052309942284087
26 0.06180272060999145 0.9068873451830609 0.15269044079930982 0.712339675226801
27 0.06026195430388117 0.9100993817209283 0.1558772116795043 0.7017264567836852
28 0.06013142161187798 0.9094725404978269 0.1547930846338935 0.7055587392550143
29 0.05864355368400687 0.9117908567759145 0.14960648378827304 0.7177267809350265
30 0.05663867514678452 0.9152805787341116 0.15636657038268365 0.7125175085041306
31 0.056301696560932715 0.9157990236315721 0.1602644581852533 0.7141980087019193
32 0.055196660059135524 0.9180895360583438 0.1525796259553215 0.7256424931185784
33 0.05407030647719847 0.9197978168654226 0.15917327944363388 0.7152744912446759
34 0.053066481188119685 0.9213701733648542 0.15762821554476134 0.7279148013235827
35 0.05087861752596915 0.9251391836609149 0.14992271059096973 0.7282927523850207
36 0.051813408198244156 0.9234632333029713 0.15712503757258164 0.7293456800422681
37 0.0504544826678524 0.9246517582897837 0.1564562630482784 0.7272677415816607
38 0.05037709821926399 0.926353204521136 0.1601063213963932 0.7257867703396805
39 0.04898661265630267 0.9276924779033031 0.1512085949027232 0.7334718867606583
40 0.04835395671840288 0.929109641703829 0.16331620462169158 0.7305591961555263
41 0.04785362957475684 0.9302377031046435 0.14688810844531405 0.7358038607862477
42 0.04722911052276098 0.9313779099415708 0.14528779834334818 0.7466720568276978
43 0.04652785520084525 0.932425205465979 0.15002624101275316 0.7386570875932578
44 0.04642383921520775 0.9317904021325863 0.15874491610224836 0.7369049650230337
45 0.045215204256827006 0.9342280560654711 0.15632034073122472 0.7437336326225215
46 0.04479926064750808 0.9344679282378963 0.15364796898945748 0.740155249589212
47 0.04367530891802837 0.9366098134715662 0.15021770227282683 0.7449142793007659
48 0.04286414140328373 0.937729072658624 0.15283069558546086 0.7457256346784871
49 0.04250326963683012 0.9379757403133133 0.15012557806325294 0.7473678087371299
50 0.04254178279797681 0.937561394891945 0.15561669875180054 0.7435105583841081
51 0.0420841703438958 0.9392924931049097 0.15204107617767892 0.7541221437937673
52 0.041264805817008865 0.939956532950234 0.15555853613382467 0.7518041523259686
53 0.041924464956519025 0.9397038882309992 0.1570698228168571 0.7454846727423362
54 0.04079367797265747 0.9409923593850685 0.1519815228339807 0.7513549386129853
55 0.04005240873839407 0.9427454925801642 0.155076100369132 0.7579414221121448
56 0.0393175053954331 0.94409953114945 0.1540000372017934 0.7533193965760777
57 0.03943539696183604 0.942661408533631 0.1612361150132231 0.7584242999525391
58 0.03950344070834561 0.943045773029038 0.15392835153632353 0.7576818358615325
59 0.03859778938519781 0.9444083344575122 0.15198244949994244 0.7564876541443737
60 0.03875618441097899 0.9445169832833734 0.15471261300616593 0.7560651571164511
61 0.03761389967770327 0.9461283999019848 0.15819040198470943 0.7514299722176826
62 0.037809521017441235 0.9455000122582069 0.16454534084649286 0.7580528108077933
63 0.03732597118762521 0.9472606686199753 0.16691356799869894 0.7519957891043074
64 0.037415889266536814 0.9464943405707842 0.15907333030095586 0.7609591922591501
65 0.03604144780144 0.9488211897801719 0.16829422024888135 0.7541523440885064
66 0.036498242353076575 0.9479007048728163 0.15904808416962624 0.7588018007618607
67 0.035539244975121564 0.9491662431030576 0.1509930171272674 0.7550585147107077
68 0.035745754979971824 0.9495526062751487 0.1661106876541521 0.7611033956920731
69 0.035396355832281554 0.9492780270157632 0.1528841767756042 0.7583856704311825
70 0.03481773427848432 0.9511094235162265 0.16075708699699875 0.7562329827558594
71 0.034935508825893656 0.9500591251922335 0.1536355665188596 0.7579340732890848
72 0.03440022357529679 0.9508114366932346 0.15669142171113848 0.7660167907845927
73 0.034717559173382824 0.9509842941554665 0.1699507128638781 0.7448447204968945
74 0.03404813742810528 0.9522841520686256 0.1675022662155957 0.7620320855614973
75 0.03422113549653984 0.9512075578047077 0.15583268008151344 0.7626970474605905
76 0.034398603324884945 0.9511707980541838 0.16295221289967962 0.7692089594556281
77 0.03345346389975142 0.9528131449533643 0.15581368614928187 0.7739463601532567
78 0.03293271650783267 0.9534762665882799 0.15501500069485785 0.7706674917723834
79 0.03266217852194675 0.9546375968398813 0.16015607977686364 0.7691787766137208
80 0.032871130640421915 0.9532936918620672 0.16174997015699535 0.7653055570945759
81 0.03290746264294049 0.9535780760188088 0.1706561708700991 0.7601807350274844
82 0.03282236543635612 0.9542466055315451 0.15270145304031044 0.7687006460875807
83 0.0318154085307715 0.9551136398434582 0.1674499397566455 0.767494229578337
84 0.030779430656955334 0.9566910810082551 0.15996423603044213 0.7732115677321157
85 0.03212445549065857 0.9548936170212767 0.16567526322954865 0.7687826947547008
86 0.03187230907929313 0.9547357852980067 0.15945924788051954 0.772029593639576
87 0.031154330785425316 0.9559773062493497 0.163833514395579 0.7652771467514766
88 0.03140695757108827 0.9560672273022168 0.15648742727326037 0.7690178274831136
89 0.030780607063486093 0.9567415077135847 0.16060145936523365 0.7707464524615858
90 0.030456449407567854 0.9568207965143319 0.1767045894602888 0.7631784301590291
91 0.03110727445767198 0.9563566897700276 0.16073166422772212 0.7800494782039982
92 0.03011998026211453 0.9586271053662359 0.16825654159221692 0.7765975289316264
93 0.03022373516070203 0.9579683798821131 0.17118417795216578 0.7775455195555312
94 0.029663347228090647 0.9587289545810493 0.16653510505142055 0.7784127354364686
95 0.029860457976189175 0.9586961047230691 0.1736298864315673 0.7801292684321914
96 0.029502933188960453 0.9583284882831387 0.16890709095625817 0.7811950054470795
97 0.029763902590312884 0.9587937976527029 0.16800279699474852 0.776658818189555
98 0.02923070711455048 0.9597061074544619 0.1733604222884245 0.7728292767132746
99 0.028795631053343193 0.9596827009591197 0.166029299452692 0.7800095513666881
100 0.029317987197943894 0.9590202543570419 0.16870806399280222 0.7770236158635776
