1 0.18471739697452125 0.6639202581239917 0.18851645501487166 0.5956984114355425
2 0.06112443284391721 0.9140047913755242 0.16501709052022093 0.6877560793912626
3 0.027991365661544098 0.9630735946700103 0.16415092396053754 0.7286148501953972
4 0.01662514735234659 0.9785683616512298 0.18105453755880627 0.7324847520551578
5 0.012781057837511881 0.9826535051439005 0.18651309950172762 0.7468769085558825
6 0.009855077111858256 0.9869561754452606 0.18500367767029555 0.7512135922330097
7 0.008527180896689699 0.9888775922682116 0.23242912722303244 0.7218432230660315
8 0.006983720380650713 0.9908098477287896 0.21325522498010058 0.7458482578964507
9 0.007026408465332835 0.991048139213069 0.21165654297361028 0.750849818891056
10 0.0065355544953728485 0.9914097658043778 0.21326248769030393 0.7531229454306377
11 0.005211022189067374 0.9932267744503642 0.24784943369591486 0.7230986276773117
12 0.005354696413929119 0.9932771668585143 0.23398248865878402 0.7431873152378393
13 0.00410734220820797 0.9945017939580961 0.2430566570658463 0.7398028688196169
14 0.004373542723260729 0.9943500058152703 0.21984449937661119 0.7561137913824656
15 0.004129246938102619 0.9946924108208703 0.23310291356620352 0.758605592951349
16 0.004014047520735365 0.9949130442767157 0.2281605382776323 0.7601353225001387
17 0.0032457561068525882 0.9958427977542536 0.24774414053073623 0.7499525860901135
18 0.003810159678717852 0.9950909580589086 0.23183346015540449 0.7640821364452424
19 0.0035569270386860913 0.9953350556487456 0.24306009807101686 0.7498842939206666
20 0.003142790626992851 0.9962107995274212 0.26510524266577873 0.7417991653901009
21 0.0032825758554083043 0.99570852234813 0.23521821458919723 0.7648960998790878
22 0.002892952521878562 0.9963643930862263 0.24318437402519597 0.751367681881277
23 0.0028514168714222784 0.9962229500168345 0.24452643336023194 0.7554136972732026
24 0.0028192976967458764 0.9963701359515692 0.2475348622083912 0.753209933756781
25 0.002864607413214087 0.9963333190502133 0.24057994820351633 0.7759127876795293
26 0.0027069386299075787 0.9967623279412935 0.25451979719354795 0.7598142209443769
27 0.0023498797054279682 0.9972454488694098 0.2753620330466253 0.7472799075840206
28 0.0025928919561766495 0.9967190637089272 0.266360071626988 0.7609810479375696
29 0.002352838380876968 0.9970616322632777 0.306678331362423 0.7427581612258494
30 0.002309794381253777 0.9970554926387316 0.25117750177333986 0.7694954451871281
31 0.002398059910774464 0.9969215704274916 0.27458499570074707 0.747164955363127
32 0.0022326756060495794 0.9970615243342515 0.2565415562783307 0.754761319233817
33 0.0019834917867282446 0.9974170012731368 0.2576784128540796 0.7617513057006333
34 0.002085110002013451 0.9973008207708268 0.2563811656105045 0.7726538363425073
35 0.002056851914181806 0.997251620564489 0.2854974363858716 0.7491177500606125
36 0.0021271828818392106 0.9971904438364214 0.27694855061050716 0.7483179934334463
37 0.00193980637714947 0.9975210102036445 0.2685950411598973 0.7593222213008266
38 0.0020180901085904714 0.9973861890391337 0.27092170312121583 0.7624184715303959
39 0.0017736648275932226 0.9978026551760018 0.2704407701640886 0.7682971166484883
40 0.0018134846021209483 0.9977901972906963 0.29725582980677034 0.7400658327847267
41 0.002044699625196899 0.9974353167292025 0.28473530015168347 0.7589794401783504
42 0.0019000817802216888 0.9976985603760651 0.3149248968138551 0.7520076838931725
43 0.0015688219174037278 0.9981085299788817 0.26854819693454657 0.7653205465783419
44 0.0018296064040357674 0.9976800700263824 0.26164026002108043 0.762582753940334
45 0.0018241555949811037 0.997778525748906 0.2606145126057493 0.7723272582751376
46 0.001635499993246953 0.9979613201829302 0.28766331680132096 0.7487687380574319
47 0.0017481288021284254 0.9979063873550692 0.25994174254657787 0.7754019842627438
48 0.0016827681714321203 0.9980168688562719 0.27877854165473137 0.7586414680909339
49 0.0014728632350285522 0.9980779589638117 0.28897769339670965 0.7566417544051062
50 0.0018123805536489047 0.9976555565757661 0.2974136285369598 0.7639897302818651
51 0.0016910644385978763 0.998053569679757 0.26435282017989953 0.7671993271656855
52 0.0015058634717434445 0.9981515937913137 0.31016759903884983 0.741390272332309
53 0.0016525856396389464 0.9979982492332743 0.3006933275689088 0.7473639137183535
54 0.001486534813017106 0.9981024900227701 0.2811605381049329 0.7658277404921701
55 0.0013255412058040328 0.9983779846612437 0.29421250818125366 0.7628968253968255
56 0.0019637395623520507 0.9977474168747859 0.31184242760803915 0.7450356584214851
57 0.0014412728375925521 0.9981821631646274 0.2817179982807447 0.7623909923832652
58 0.001488195771294569 0.9981333121163344 0.2740378903413287 0.7599492189656124
59 0.0014941479754931274 0.9980781236611131 0.2915482679626765 0.7683770217512549
60 0.0013734271205772639 0.9982433697920811 0.31304139612763726 0.7415973597359736
61 0.0016857161691735045 0.9979066692782294 0.31353639365199987 0.766079430018647
62 0.0014311253704257954 0.9981638573684405 0.30011425648215356 0.762926124524213
63 0.0011630158284213134 0.9986044632692284 0.3333078895104727 0.7669601816470067
64 0.001711278318854307 0.9979249429206276 0.2616550334594343 0.7679815688918857
65 0.001419382033310989 0.998224910021301 0.30172956094285036 0.7558054265460767
66 0.0015866024182149858 0.9981884723191228 0.3109106749174333 0.755260663507109
67 0.0014412506590150054 0.9983167353234623 0.2832484951504739 0.762953692115144
68 0.001343975824083126 0.9982800306044375 0.2950370860488424 0.7567257844474761
69 0.0012763567651563079 0.9985310858947524 0.32820015298159116 0.751177753250599
70 0.001252988825714413 0.9983964158057093 0.31244629516949546 0.7447070145423438
71 0.0013147838479276711 0.9984516997643891 0.26911049759315725 0.7689747567338882
72 0.0011515054622594542 0.9986105075014232 0.34722626775015736 0.742736285525446
73 0.0011720467461383381 0.9985249022212157 0.3167625825444702 0.7611448203252709
74 0.0013027122047208817 0.9984514533691601 0.30203939577843125 0.7843574108818011
75 0.0013755867161738987 0.9984880482355462 0.31593346016081136 0.7719178471866645
76 0.001586897074490204 0.9980232679114571 0.31376393573907 0.7558634231482491
77 0.0011644920324305908 0.9986656546861228 0.2814128266954272 0.7674941031113108
78 0.001175216011164307 0.9985799975517199 0.30319528415076713 0.7735741553187853
79 0.0011909307413870164 0.998475954976405 0.34539316355894867 0.7669223260354204
80 0.0011245565942447553 0.9985738332058147 0.30012096587794823 0.775387607986727
81 0.0012095168728478711 0.9985432555178788 0.3016629567147868 0.7640037750513518
82 0.0014037389127895168 0.9985126061221867 0.36858994518809246 0.7755148610873409
83 0.0015480770984255912 0.9981272491370659 0.3193535214783972 0.757095181620101
84 0.0010614561328482204 0.9987881310287422 0.3436521991690791 0.7542550014929829
85 0.001371224012062947 0.998512678952877 0.3112348177117757 0.7661335421093837
86 0.0012372243303321573 0.9985861269058214 0.3430520151687403 0.7552535685909203
87 0.0013267078433913556 0.998518826812907 0.3306296784931219 0.7654922397190439
88 0.0012252861967369734 0.9985553732768542 0.3352561457491715 0.758169218548851
89 0.001091529716236284 0.9986167725508918 0.2998381183878736 0.7578749412317819
90 0.001119372436654563 0.9986228340239566 0.3125460287773651 0.7507605388961321
91 0.0011874125413536916 0.9985616266472435 0.3356203704171544 0.7580098839469154
92 0.00126525853712218 0.9984330432014886 0.31979766087258393 0.7702645232627371
93 0.00113345462432447 0.9986902503213171 0.35857029736616486 0.7745973414487095
94 0.0012353108974625323 0.998555479384977 0.27823699134180024 0.7604393153816134
95 0.0013585895928475197 0.9983413816107573 0.2886366387437507 0.7805629870885193
96 0.0015137305934626263 0.9985862134389286 0.34519588352925207 0.7560401029967677
97 0.0012753790400510077 0.9985433625068855 0.30607835588341353 0.7698074917556866
98 0.001316882903890414 0.9985615914307574 0.3091364210454103 0.764464897020035
99 0.0013074734990248446 0.9983597125824735 0.3230043494025089 0.7595437680362788
100 0.0012412289528547866 0.9986350922077842 0.3271986856691052 0.7660243806527723
